1900           30000.000         4000.00        48300.00
1901           47200.000         6100.00        48200.00
1902           70200.000         9800.00        41500.00
1903           77400.000        35200.00        38200.00
1904           36300.000        59400.00        40600.00
1905           20600.000        41700.00        39800.00
1906           18100.000        19000.00        38600.00
1907           21400.000        13000.00        42300.00
1908           22000.000         8300.00        44500.00
1909           25400.000         9100.00        42100.00
1910           27100.000         7400.00        46000.00
1911           40300.000         8000.00        46800.00
1912           57000.000        12300.00        43800.00
1913           76600.000        19500.00        40900.00
1914           52300.000        45700.00        39400.00
1915           19500.000        51100.00        39000.00
1916           11200.000        29700.00        36700.00
1917            7600.000        15800.00        41800.00
1918           14600.000         9700.00        43300.00
1919           16200.000        10100.00        41300.00
1920           24700.000         8600.00        47300.00
